15846407
260979864
14837184
17602896
16889060
19164725
18883401
25432501
43001357
2363571
24382223
62384317
420528023
57375653
54216619
39893705
8025532
25775279
81909428
208697224
23204397
91359384
233182045
199846203
262182509
11435672
20108560
19894441
18892368
14365883
652193
18359687
186501396
32617425
586
44895019
14109485
200163448
8557
16831882
118704347
114971521
61194080
70736039
34929076
242974046
10367
22309220
260828703
13313982
163257434
3032
20687592
40988818
25453503
30810637
20793816
15488811
123060433
84971947
17769831
254290698
1338871
14467688
16400030
302768530
418246108
251934438
19102410
14483262
120190821
24221229
33408118
57090042
88345486
138175799
14983499
21703552
240188811
99838316
424688583
94711640
14128974
107240249
41689267
9972002
17505533
211070230
15909010
291500906
16358939
14062140
54092452
160742284
36435772
7744882
128767072
354489767
19357225
70758432
298258981
206402409
271709253
27543356
115826544
383063415
755346
18462653
243123289
249490029
113471008
39353946
43544882
284870489
390941207
29427232
198724998
47778760
37707750
131948058
41099682
42114992
26722961
312838711
434495246
14314315
215060612
130667384
19253485
166214735
19739595
19543936
14772687
25511737
146971893
14575107
128260873
112497901
78670429
25136403
160263958
107128390
144723379
15338794
26053643
26151564
345963718
103011384
136002468
71277467
47542100
90481271
19886913
58886037
73443014
