15913
14935647
3227431
8845372
16660064
79043
22152712
25376226
57079010
6017512
91396874
17047585
18101470
37444945
91237680
83285096
162870631
20012819
90203412
128455261
7194892
48845524
3253671
239465333
3365291
254457417
29659999
125359195
18297910
17803303
14269220
20950208
142001754
53474481
21358633
207936757
59054214
14503124
214618570
42242199
15680204
15494342
36851222
270076706
355950574
283306509
22831657
164686885
6085372
309366491
67818595
64041336
29118453
37006975
1712051
93905958
308103112
80468971
336671024
54918110
31610343
19144764
47542100
