19725644
51573
717313
40885168
14503124
10609
14495893
66499322
8548612
36045367
110583240
14335143
59654289
15009761
45163601
188040570
15335123
14121456
24848688
21901003
223247584
14281905
153087224
14267733
16021608
77679346
4564211
64949603
14426487
11650722
3020571
7861312
17787312
28022718
22288097
68172913
14062808
273737280
15165865
40858179
22467578
5076491
33235771
5517
17469332
128339609
7116862
470309837
16639110
785555
18948541
2391
32593447
15462317
10792712
5539522
74051281
161035197
120190821
14262321
170948145
6945012
22080450
1352501
9724232
16207941
16334824
50740020
129232975
168051693
279713
30031116
47846099
3227431
231173272
89078728
14632831
31294472
17358073
58853892
16854309
16396215
15088253
88130019
77167221
14328066
24422716
274101424
254591866
66183198
15635812
84257378
292004117
16267101
84137114
19073491
19886913
153581660
17941825
705663
250364685
263440459
1504011
136841649
50564358
258902291
17600181
15321133
30732862
19624836
451989526
30387071
3733331
7860942
17177001
18374880
21851427
28949133
19083161
744903
38492717
5640632
11440442
11911082
88726035
7320972
1050111
551124967
83816651
14305673
15410096
15470236
54918110
21122578
116081221
756596
87195913
91409081
24751263
193998015
17324226
816532
24946044
7620312
253417096
314291438
74274587
809010
7344392
11253982
31610343
16741381
14297139
18009781
278311152
15937155
14371333
22099579
39669896
49113115
78194111
176703866
33313047
103202916
142001754
21076522
15582699
50369998
14498968
14656109
24788399
22646558
20161019
14393872
14875623
23670349
15826432
18744815
87655141
18569484
21575193
170885608
70915358
53513002
766195
16562955
20060293
216248099
14266637
182933472
424026661
91197753
24919888
22147593
255636783
133583134
100938260
174768030
34396691
78152621
22743308
29512099
92464299
16135175
14960658
17051264
794436
257605626
34985477
15698478
24772720
14580768
20627649
35102879
14622694
325809032
138763943
16984358
90481271
15690382
23919657
1692881
18433259
218973561
6854942
16857707
64769411
2691
126334355
14092380
306472866
86336234
64571367
35659391
11965442
25722997
76379926
21297247
38768556
23113328
12040102
23454450
22682436
83889856
17939037
7340722
129650286
193936797
16033908
14592523
20950208
125540746
24113849
6085372
122491899
63233369
11214332
21580985
14085473
29353863
41712825
755603
14887650
31454479
6750912
1338871
14263368
14451892
10117562
16560391
15535081
17684681
17030680
59242017
8452342
225616331
162700184
21021166
404565458
111961058
107076934
10461262
128292609
14117412
14690944
14276654
24482785
35946769
14750762
73707412
3498911
14857437
10694562
98633794
6724092
22543242
83720294
403755157
20287180
18302221
134988521
12576702
119897041
16893977
16028641
131296459
194885076
11856762
39758899
15519274
23056311
14456948
