20659225
19701173
6750912
31296704
155844378
41540760
5960932
14471778
770391
341027960
336671024
16785028
70587360
10813822
16867288
182370042
13473182
295817535
23331682
4113261
265359098
20466150
29659999
15714436
24089505
40620132
20068249
17912684
126638340
365797572
61166489
44558204
13446242
5076491
306604708
18715225
14063949
18716004
17064600
138466831
122186614
84670801
33693321
35406821
38419922
27520806
16033908
306961000
16871637
7082092
150484436
22690213
96616873
14155052
52216611
