21111883
338597164
176707536
371818583
172101655
291047334
261434167
326414114
210836723
524702026
21504244
66409671
117560369
66186540
82811968
383797731
203623462
120622471
135663008
32788960
33316545
235221017
425174347
430600375
321131786
271610362
173468248
204817328
25401781
158129463
83766944
174305182
363732476
288365595
413503889
82968369
56272325
20682963
127684095
336847617
183657870
119798626
345963718
150714217
165031576
390941207
109568333
69973852
198724998
261853955
107240249
37316710
21170010
