27457788
3460221
15391752
18883401
128953435
285538988
57240542
14219218
354489767
40997343
80088141
47528106
37457933
150493507
49517278
16562955
30605939
26053643
57413551
18716004
147255219
24508000
25102481
5539522
21901003
287037508
654163
329442539
17883289
14934739
71277467
2157421
18439915
18733901
139162440
20548092
33408118
782329
28541908
21793918
332232530
56019172
14829912
59956494
234467536
267383914
61194080
17747287
12606852
18184621
40266378
17199902
36519354
33018114
14308222
16531768
18151756
12470562
13820672
26332899
15780876
14483262
22591657
18302221
59242017
42114992
345334303
155660525
32617425
586
74274587
27558050
46456708
40524108
35206976
7344392
287464837
17227214
15000340
16079941
125457338
24957166
26032941
373018050
19778401
18177126
17851599
34985477
33857149
70600241
399156475
14270396
19092024
14051156
131948058
20407984
117429053
14155052
140248957
824157
15714436
20167139
15080503
14389031
14075195
16560391
8934042
37723441
255822718
37542077
322786017
29710825
20659225
14497313
20798630
17602896
14060667
