309366491
151657217
39592679
59054214
19120785
270076706
6080022
14451892
64041336
15849055
214618570
20950208
28555086
40078827
162870631
355950574
43292851
22831657
15680204
164686885
16048740
42242199
308103112
127629716
15913
22836188
3365291
36851222
93905958
21624907
18895362
39547783
16563442
365843255
186745799
67818595
406618725
29755430
25376226
17346342
336671024
38492717
18632288
202876000
43353248
1838691
20818625
396031007
20397258
242010145
172845432
246893190
90683293
239465333
13108932
250706801
