40981798
83943787
92319025
39398944
450839965
73984919
259842341
278695868
413275344
221405974
253368235
382943224
303338529
331720696
331241294
257536805
207287772
190572817
125502730
450802456
288365595
72167837
149287763
317403874
225160584
522492204
371743964
108757480
165832417
216933478
276308596
189310097
103891164
545020142
76761165
103598216
368459737
216088014
152785073
400107451
79253197
100581193
197504076
261853955
165372137
418665915
79343670
302768530
157475200
270449528
258332222
58554456
188102842
220502760
310030172
250178329
402848478
168152689
111478759
67974705
345963718
18548221
253246183
233220322
83988370
260623447
388051243
365626023
69592091
335538156
523885474
199846203
134627129
86363850
14346779
14929280
58810320
136103696
141189901
144036968
109568333
336847617
102608859
34446921
106838994
329844524
144264887
218976356
76106023
82980971
25905597
190143588
249297606
280935165
34428380
439262248
165908478
85901645
394263193
217796457
375710523
263964826
371640612
225302763
160237722
323373476
135218281
223702895
392107040
86221475
46988387
25842688
264545327
258393756
173732041
230498574
439788025
90057908
56860418
301297627
233598791
267611336
294207283
444547355
545671773
21787127
20682963
178805277
413503889
100525610
134940306
313305828
358155683
46754170
58886037
82152763
202195505
404900280
36767299
156279258
314316607
125348073
23270710
233182045
434495246
420528023
31091750
47245840
132543607
165710921
