43003845
195475105
19358562
137425803
241363871
47245840
356190582
30799813
361625234
84179743
86514133
153226312
17654192
92478242
420528023
83250127
472285050
100581193
335538156
22949668
221123246
219723179
522492204
14486007
371743964
56860418
18951737
86988453
72818790
145306362
142012761
212247905
523885474
20682963
261853955
250178329
545020142
160237722
86221475
249297606
270449528
303338529
545671773
225302763
260623447
127684095
149287763
52900276
276308596
258393756
134940306
223702895
83943787
278695868
444547355
157475200
331720696
450839965
40981798
135218281
314316607
259842341
375710523
79343670
21787127
103598216
58886037
188102842
233220322
170460311
233182045
280935165
217796457
294207283
253368235
216088014
168152689
230424016
402848478
216933478
34428380
