440302561044594688
443221227612553217
443892294056304640
439577841689436160
443160154570506240
440328750392414208
441009474699280384
440376202625183744
443086865239773184
439501855476178944
440338760480198657
442697771762450433
444837732192632832
442036152208723968
445552347876302848
444121617682423808
428633794631827456
443982974556459008
444828306089574400
445062993890795520
444549386014437376
443999229019553792
443100762642460673
445554376812535808
442758421083734016
436311011411230720
443420891314413568
440338014527827969
435830221674385408
441652409538863104
441605919231967232
430144339642032128
431509044042272768
438006141876850688
442654683409035264
444383714324512768
441604454148616192
444681543983038464
442147369589547008
440312793477033985
441242534472216576
444577717812334592
440188836875096065
443875188162060288
434776184446910464
440344676202065921
444598348532572160
442735267711967234
443185617485037568
443905273090945025
439536276388462592
444635286106939392
440319159109316608
445989767986315264
444996073451700225
426799338371960832
440345621028167680
440306426066395139
427674918138826752
443419358967398402
439406177114279936
440944283131326464
444593566296182784
443099275270950912
444597650545860608
440629608715542528
444468487806005248
444469083564957696
442031248320774145
444708226542874625
444609448682606594
443993607721484288
445279278553628674
444634920829607936
444595852787466240
440196153293144064
444305822743810048
444549658539352064
444382831532597248
444328967491706880
444414120411295745
444974357367234562
440351741746233344
443581770433564672
443876195499642880
444607118398586880
444627516150779904
443110899071451136
441668117064716288
444444120140877825
444593919926763520
443879560967254017
443227677554515968
444975147770847232
444626391808876544
444608513428295680
441820697456046081
444535648742301696
444722598216097792
443526167950553088
441830222480953344
